UNITS MM,10000;
EDIT proj;
ADD P1 :W0.000000  0.0000,-0.2650 2.0000,-0.2650 2.0000,0.2650 0.0000,0.2650;
ADD P1 :W0.000000  2.3300,0.2650 2.0000,0.2650 2.0000,-0.2700 2.3300,-0.2700;
ADD P1 :W0.000000  6.5050,0.2650 6.8350,0.2650 6.8258,0.4755 6.7983,0.6844 6.7527,0.8900 6.6894,1.0910 6.6087,1.2856 6.5115,1.4725 6.3983,1.6502 6.2700,1.8173 6.1277,1.9727 5.9723,2.1150 5.8052,2.2433 5.6275,2.3565 5.4406,2.4537 5.2460,2.5344 5.0450,2.5977 4.8394,2.6433 4.6305,2.6708 4.4200,2.6800 4.2095,2.6708 4.0006,2.6433 3.7950,2.5977 3.5940,2.5344 3.3994,2.4537 3.2125,2.3565 3.0348,2.2433 2.8677,2.1150 2.7123,1.9727 2.5700,1.8173 2.4417,1.6502 2.3285,1.4725 2.2313,1.2856 2.1506,1.0910 2.0873,0.8900 2.0417,0.6844 2.0142,0.4755 2.0050,0.2650 2.0000,0.2650 2.3300,0.2650 2.3380,0.4472 2.3618,0.6279 2.4012,0.8059 2.4560,0.9798 2.5258,1.1483 2.6100,1.3100 2.7080,1.4638 2.8190,1.6084 2.9421,1.7429 3.0766,1.8660 3.2212,1.9770 3.3750,2.0750 3.5367,2.1592 3.7052,2.2290 3.8791,2.2838 4.0571,2.3232 4.2378,2.3470 4.4200,2.3550 4.6022,2.3470 4.7829,2.3232 4.9609,2.2838 5.1348,2.2290 5.3033,2.1592 5.4650,2.0750 5.6188,1.9770 5.7634,1.8660 5.8979,1.7429 6.0210,1.6084 6.1320,1.4638 6.2300,1.3100 6.3142,1.1483 6.3840,0.9798 6.4388,0.8059 6.4782,0.6279 6.5020,0.4472 6.5100,0.2650;
ADD P1 :W0.000000  6.4700,0.2650 6.4700,0.0150 6.8700,0.0150 6.8700,0.2650;
ADD P1 :W0.000000  6.4700,-0.0200 6.4700,-0.2700 6.8700,-0.2700 6.8700,-0.0200;
ADD P1 :W0.000000  11.6500,0.4950 11.7700,0.4950 11.7609,0.7033 11.7337,0.9100 11.6886,1.1136 11.6259,1.3124 11.5461,1.5051 11.4498,1.6900 11.3378,1.8658 11.2108,2.0313 11.0700,2.1850 10.9163,2.3258 10.7508,2.4528 10.5750,2.5648 10.3901,2.6611 10.1974,2.7409 9.9986,2.8036 9.7950,2.8487 9.5883,2.8759 9.3800,2.8850 9.1717,2.8759 8.9650,2.8487 8.7614,2.8036 8.5626,2.7409 8.3699,2.6611 8.1850,2.5648 8.0092,2.4528 7.8437,2.3258 7.6900,2.1850 7.5492,2.0313 7.4222,1.8658 7.3102,1.6900 7.2139,1.5051 7.1341,1.3124 7.0714,1.1136 7.0263,0.9100 6.9991,0.7033 6.9900,0.4950 6.9850,0.4950 7.1050,0.4950 7.1137,0.6933 7.1396,0.8900 7.1825,1.0838 7.2422,1.2731 7.3181,1.4565 7.4098,1.6325 7.5164,1.7999 7.6372,1.9573 7.7713,2.1037 7.9177,2.2378 8.0751,2.3586 8.2425,2.4652 8.4185,2.5569 8.6019,2.6328 8.7912,2.6925 8.9850,2.7354 9.1817,2.7613 9.3800,2.7700 9.5783,2.7613 9.7750,2.7354 9.9688,2.6925 10.1581,2.6328 10.3415,2.5569 10.5175,2.4652 10.6849,2.3586 10.8423,2.2378 10.9887,2.1037 11.1228,1.9573 11.2436,1.7999 11.3502,1.6325 11.4419,1.4565 11.5178,1.2731 11.5775,1.0838 11.6204,0.8900 11.6463,0.6933 11.6550,0.4950;
ADD P1 :W0.000000  6.5050,-0.2700 6.8350,-0.2700 6.8258,-0.4805 6.7983,-0.6894 6.7527,-0.8950 6.6894,-1.0960 6.6087,-1.2906 6.5115,-1.4775 6.3983,-1.6552 6.2700,-1.8223 6.1277,-1.9777 5.9723,-2.1200 5.8052,-2.2483 5.6275,-2.3615 5.4406,-2.4587 5.2460,-2.5394 5.0450,-2.6027 4.8394,-2.6483 4.6305,-2.6758 4.4200,-2.6850 4.2095,-2.6758 4.0006,-2.6483 3.7950,-2.6027 3.5940,-2.5394 3.3994,-2.4587 3.2125,-2.3615 3.0348,-2.2483 2.8677,-2.1200 2.7123,-1.9777 2.5700,-1.8223 2.4417,-1.6552 2.3285,-1.4775 2.2313,-1.2906 2.1506,-1.0960 2.0873,-0.8950 2.0417,-0.6894 2.0142,-0.4805 2.0050,-0.2700 2.0000,-0.2700 2.3300,-0.2700 2.3380,-0.4522 2.3618,-0.6329 2.4012,-0.8109 2.4560,-0.9848 2.5258,-1.1533 2.6100,-1.3150 2.7080,-1.4688 2.8190,-1.6134 2.9421,-1.7479 3.0766,-1.8710 3.2212,-1.9820 3.3750,-2.0800 3.5367,-2.1642 3.7052,-2.2340 3.8791,-2.2888 4.0571,-2.3282 4.2378,-2.3520 4.4200,-2.3600 4.6022,-2.3520 4.7829,-2.3282 4.9609,-2.2888 5.1348,-2.2340 5.3033,-2.1642 5.4650,-2.0800 5.6188,-1.9820 5.7634,-1.8710 5.8979,-1.7479 6.0210,-1.6134 6.1320,-1.4688 6.2300,-1.3150 6.3142,-1.1533 6.3840,-0.9848 6.4388,-0.8109 6.4782,-0.6329 6.5020,-0.4522 6.5100,-0.2700;
ADD P1 :W0.000000  12.2950,-0.2700 12.2950,-0.0200 11.8950,-0.0200 11.8950,-0.2700;
ADD P1 :W0.000000  12.2950,0.0150 12.2950,0.2650 11.8950,0.2650 11.8950,0.0150;
ADD P1 :W0.000000  11.6500,-0.5000 11.7700,-0.5000 11.7609,-0.7083 11.7337,-0.9150 11.6886,-1.1186 11.6259,-1.3174 11.5461,-1.5101 11.4498,-1.6950 11.3378,-1.8708 11.2108,-2.0363 11.0700,-2.1900 10.9163,-2.3308 10.7508,-2.4578 10.5750,-2.5698 10.3901,-2.6661 10.1974,-2.7459 9.9986,-2.8086 9.7950,-2.8537 9.5883,-2.8809 9.3800,-2.8900 9.1717,-2.8809 8.9650,-2.8537 8.7614,-2.8086 8.5626,-2.7459 8.3699,-2.6661 8.1850,-2.5698 8.0092,-2.4578 7.8437,-2.3308 7.6900,-2.1900 7.5492,-2.0363 7.4222,-1.8708 7.3102,-1.6950 7.2139,-1.5101 7.1341,-1.3174 7.0714,-1.1186 7.0263,-0.9150 6.9991,-0.7083 6.9900,-0.5000 6.9850,-0.5000 7.1050,-0.5000 7.1137,-0.6983 7.1396,-0.8950 7.1825,-1.0888 7.2422,-1.2781 7.3181,-1.4615 7.4098,-1.6375 7.5164,-1.8049 7.6372,-1.9623 7.7713,-2.1087 7.9177,-2.2428 8.0751,-2.3636 8.2425,-2.4702 8.4185,-2.5619 8.6019,-2.6378 8.7912,-2.6975 8.9850,-2.7404 9.1817,-2.7663 9.3800,-2.7750 9.5783,-2.7663 9.7750,-2.7404 9.9688,-2.6975 10.1581,-2.6378 10.3415,-2.5619 10.5175,-2.4702 10.6849,-2.3636 10.8423,-2.2428 10.9887,-2.1087 11.1228,-1.9623 11.2436,-1.8049 11.3502,-1.6375 11.4419,-1.4615 11.5178,-1.2781 11.5775,-1.0888 11.6204,-0.8950 11.6463,-0.6983 11.6550,-0.5000;
ADD P1 :W0.000000  12.2950,-0.2700 12.4100,-0.2700 12.4100,-0.3850 12.6600,-0.3850 12.6600,-0.1700 12.5100,-0.0200 12.2950,-0.0200;
  BEGIN_ASSOC
    ADD N1 :F1.000000 :R0 :T12345 'net=PR2_2' 0.00, 0.00;
  END_ASSOC
ADD P1 :W0.000000  11.5850,0.6200 11.5850,0.1650 11.7350,0.0150 12.0200,0.0150 12.0200,0.2650 11.8350,0.2650 11.8350,0.6200;
  BEGIN_ASSOC
    ADD N1 :F1.000000 :R0 :T12345 'net=PR2_1' 0.00, 0.00;
  END_ASSOC
ADD P1 :W0.000000  12.8050,0.3800 12.8050,2.7100 15.8750,2.7100 15.8750,3.2500 12.5890,3.2500 12.2650,2.9260 12.2650,0.3800;
  BEGIN_ASSOC
    ADD N1 :F1.000000 :R0 :T12345 'net=PR2_1' 0.00, 0.00;
  END_ASSOC
ADD P1 :W0.000000  6.8700,0.0150 7.0200,0.0150 7.1700,0.1650 7.1700,0.4950 6.9200,0.4950 6.9200,0.2650 6.8700,0.2650;
  BEGIN_ASSOC
    ADD N1 :F1.000000 :R0 :T12345 'net=PR1_1' 0.00, 0.00;
  END_ASSOC
ADD P1 :W0.000000  6.8700,-0.2700 6.9200,-0.2700 6.9200,-0.5000 7.1700,-0.5000 7.1700,-0.1700 7.0200,-0.0200 6.8700,-0.0200;
  BEGIN_ASSOC
    ADD N1 :F1.000000 :R0 :T12345 'net=PR1_2' 0.00, 0.00;
  END_ASSOC
ADD P1 :W0.000000  12.2650,-0.3850 12.2650,-2.9310 12.5890,-3.2550 15.8750,-3.2550 15.8750,-2.7150 12.8050,-2.7150 12.8050,-0.3850;
  BEGIN_ASSOC
    ADD N1 :F1.000000 :R0 :T12345 'net=PR2_2' 0.00, 0.00;
  END_ASSOC
ADD P1 :W0.000000  12.2950,0.0150 12.5100,0.0150 12.6600,0.1650 12.6600,0.3800 12.4100,0.3800 12.4100,0.2650 12.2950,0.2650;
  BEGIN_ASSOC
    ADD N1 :F1.000000 :R0 :T12345 'net=PR2_1' 0.00, 0.00;
  END_ASSOC
ADD P1 :W0.000000  11.8350,-0.6250 11.8350,-0.2700 12.0200,-0.2700 12.0200,-0.0200 11.7350,-0.0200 11.5850,-0.1700 11.5850,-0.6250;
  BEGIN_ASSOC
    ADD N1 :F1.000000 :R0 :T12345 'net=PR2_2' 0.00, 0.00;
  END_ASSOC
SAVE;
