UNITS UM,1000;
EDIT proj;
ADD P1 :W0.000000  -258.400,796.650 -11505.000,796.650 -11505.000,-716.650 -258.400,-716.650;
ADD P1 :W0.000000  1557.600,1099.350 15329.200,1099.350 15329.200,2612.650 1557.600,2612.650;
ADD P1 :W0.000000  1557.600,-2532.700 15329.200,-2532.700 15329.200,-1019.400 1557.600,-1019.400;
ADD P1 :W0.000000  1557.600,1099.350 1557.600,2612.650 -258.400,796.650 1254.950,796.650 1254.950,1099.350;
ADD P1 :W0.000000  1254.900,-716.700 -258.400,-716.700 1557.600,-2532.700 1557.600,-1019.350 1254.900,-1019.350;
ADD P1 :W0.000000  1254.900,796.650 -258.400,796.650 -258.400,-716.700 1254.900,-716.700;
ADD P1 :W0.000000  15329.200,856.000 17329.200,856.000 17329.200,2856.000 15329.200,2856.000;
ADD P1 :W0.000000  15329.200,-2776.050 17329.200,-2776.050 17329.200,-776.050 15329.200,-776.050;
SAVE;
